$ 1 0.000015625 0.529449005047003 36 5 43 5e-11
a 352 192 464 192 8 15 -15 1000000 -0.000025551720279372065 0 100000
r 96 224 176 224 0 100000
r 96 128 176 128 0 100000
174 192 128 208 224 1 10000 0.9950000000000001 Resistance
r 368 112 448 112 0 1200000
w 448 112 496 112 0
w 496 112 496 192 0
w 496 192 464 192 0
w 368 112 336 112 0
w 336 112 336 176 0
g 336 256 336 272 0 0
w 336 256 336 208 0
g 64 304 64 352 0 0
g -80 256 -80 272 0 0
w 64 240 64 224 0
w 64 224 96 224 0
w -16 128 -80 128 0
v -80 128 -80 208 0 1 440 5 0 0 0.5
v 64 240 64 304 0 1 1000 5 0 0 0.5
w 496 192 528 192 0
p 528 192 608 192 3 0 0
g 608 192 608 240 0 0
p -16 144 -16 208 3 0 0
p 96 224 96 304 3 0 0
w 96 304 64 304 0
w -16 144 -16 128 0
w 96 128 -16 128 0
w 336 208 352 208 0
w 336 176 352 176 0
w -80 256 -80 224 0
w -80 208 -16 208 0
w -80 224 -80 208 0
r 208 224 288 224 0 100000
r 208 128 288 128 0 100000
w 288 224 288 176 0
w 288 176 336 176 0
w 288 176 288 128 0
w 192 128 176 128 0
w 192 224 176 224 0
w 208 224 192 224 0
w 208 128 192 128 0
g 224 176 240 176 0 0
w 224 176 208 176 0
o 20 2 0 4098 20 0.1 0 3 22 0 23 0
