0.045967
0.114507
0.222982
0.233471
0.269904
0.203319
0.268657
0.291511
0.133315
0.483387
0.478304
0.096012
0.064720
0.331969
0.936956
0.449501
0.309124
1.051548
0.673243
0.380823
0.004567
0.107005
0.159956
0.247917
0.182756
0.051881
0.997543
1.356143
2.433015
2.317302
0.927012
2.053619
2.526220
2.948187
1.559967
1.381909
0.727546
0.458469
0.965453
1.557030
1.454448
2.746855
2.412462
1.872108
3.724160
3.414135
1.302749
2.330516
4.062097
2.448088
0.385516
1.546920
2.182201
3.917557
3.216625
4.766256
25.567176
163.717704
513.845160
405.301652
67.881375
12.715637
2.673276
3.046284
2.196256
1.335474
0.994476
0.223835
1.687674
1.680188
1.215437
0.954043
1.840544
1.863309
1.362830
1.656696
1.868236
1.173109
1.140289
0.519953
0.481874
0.858113
1.158621
1.340025
1.814976
1.114332
0.740153
0.683008
1.382373
1.261428
0.904886
0.340662
0.447979
0.512149
0.480222
0.164663
0.168004
0.238861
0.710091
0.861121
0.660091
0.394493
0.699144
0.601779
0.040473
0.063987
0.169266
0.418445
0.182779
0.206925
0.356753
0.240335
0.351548
0.517832
0.475882
0.494768
0.126873
0.188168
0.435910
0.555096
0.366910
0.350800
0.169148
0.215229
0.119032
0.215455
0.265010
0.147839
0.050711
0.194797
0.372136
0.409074
0.237284
0.433206
0.589011
0.250576
0.049705
0.137227
0.106430
0.198135
0.227713
0.078110
0.205096
0.564428
0.663835
0.743649
0.522521
0.446067
0.709330
0.778715
0.753138
0.514567
0.348649
0.168104
0.218316
0.400166
0.544458
0.575457
0.768377
0.696719
0.603910
0.844842
0.667690
0.414214
0.682578
0.780266
0.379109
0.271965
0.338584
0.741260
0.325985
1.148150
2.493096
9.953867
28.423811
44.203103
25.132845
8.098362
2.035573
0.405394
0.585732
0.473964
0.274493
0.156549
0.040250
0.247389
0.272595
0.209082
0.109202
0.352910
0.459200
0.268787
0.517849
0.659420
0.286738
0.377739
0.248935
0.228814
0.335324
0.364080
0.282109
0.369360
0.057062
0.141283
0.185606
0.447035
0.336845
0.297903
0.129090
0.421052
0.299030
0.199868
0.104869
0.071893
0.296382
0.389549
0.304586
0.242282
0.307659
0.284098
0.185371
0.058785
0.060507
0.131390
0.129961
0.141414
0.153433
0.198355
0.177372
0.322094
0.394504
0.344958
0.252735
0.143602
0.239206
0.401264
0.402945
0.212828
0.211836
0.081901
0.092199
0.118989
0.111095
0.085626
0.113263
0.091099
0.207543
0.231091
0.157979
0.306233
0.363814
0.350377
0.049350
0.075766
0.248267
0.243090
0.329341
0.162190
0.118771
0.181020
0.363989
0.177397
0.143052
0.073454
0.175715
0.108712
0.266945
0.342841
0.133401
0.254348
0.163094
0.295071
0.375057
0.379105
0.282544
0.464531
0.358339
0.065343
0.353111
0.321503
0.107121
0.195427
0.288705
0.260792
0.100517
0.260994
0.216832
1.062359
1.247267
5.631659
12.814275
23.396804
25.792760
16.522922
7.690390
2.683289
0.449229
0.913337
1.074017
0.507671
0.571818
0.595954
0.818355
0.911221
0.857939
0.722964
1.099290
1.240727
0.884763
1.147613
1.126195
0.451690
0.601996
0.424629
0.602038
0.878459
1.218854
1.227935
0.910839
0.331084
0.679329
1.015871
1.191274
0.546073
0.159141
0.535715
0.601509
0.332421
0.058515
0.267909
0.446222
0.792652
0.665234
0.317398
0.771228
0.623817
0.399876
0.383670
0.129983
0.237530
0.285140
0.323719
0.380779
0.355737
0.381676
0.413162
0.672777
0.690011
0.455796
0.145652
0.498249
0.599327
0.810426
0.694710
0.414356
0.240837
0.145036
0.312843
0.401478
0.237594
0.351276
0.198627
0.590295
0.602501
0.330830
0.781117
1.103083
0.946753
0.489003
0.324491
0.421500
0.450106
0.639796
0.544625
0.198532
0.643566
1.085347
1.509877
1.206145
0.937010
0.542046
1.320661
1.219160
1.490327
1.170291
0.442683
0.705498
0.548390
0.950053
1.195330
1.367027
1.255087
1.563053
1.549636
1.005815
1.277917
1.544975
0.974170
1.087355
1.144768
0.887707
0.975493
1.033757
1.850331
3.953994
8.944513
19.828688
30.376482
37.705219
34.974789
24.316687
13.475976
5.657276
1.385913
1.685996
1.916789
1.043541
1.052509
0.789077
1.091457
1.529659
1.301219
1.118733
1.902693
2.122641
1.701051
2.241477
1.791033
0.721835
1.337023
0.704740
1.375208
1.981892
2.093704
1.607255
0.899960
0.908701
1.497462
1.993419
1.753547
0.342796
0.582499
1.572770
0.777351
0.436529
0.540543
0.704612
1.433686
1.431535
0.630998
1.139424
1.631173
0.751765
0.735302
0.462896
0.667673
0.247412
0.383016
0.889533
0.747097
0.770379
0.814565
1.130234
1.535364
1.141495
0.459325
0.441362
1.385064
1.254813
1.605881
1.022447
0.540300
0.164222
0.174579
0.750795
0.416386
0.552198
0.625282
0.488386
1.124685
0.434005
0.701187
1.837676
1.567506
0.968535
0.611848
0.742327
0.957468
0.654855
1.076654
0.367910
0.608395
1.151918
1.630228
1.914453
0.918660
0.707953
0.942055
1.663100
1.414465
1.648427
1.079350
0.529435
1.095443
0.630331
1.371681
1.544038
1.487723
1.319324
1.698543
1.654953
0.539433
1.214515
1.769453
0.658646
0.767850
1.058874
1.483868
0.718228
1.015240
4.575267
5.891614
15.117355
21.581643
26.581665
28.986966
26.493610
20.452416
12.902857
6.552001
2.031779
1.863952
2.106028
1.741327
1.232768
0.993770
1.413565
1.932699
1.652461
1.513877
2.129365
2.560132
1.900278
1.989338
1.734895
0.789971
1.279239
0.866864
1.907011
2.210055
1.955290
1.277614
0.518503
1.449310
1.757455
1.934023
0.910029
0.619266
0.996432
1.248789
0.106905
0.333848
0.890485
0.918912
1.317596
0.640905
0.883597
1.298182
1.056738
0.719558
0.577745
0.220785
0.575580
0.185205
0.540325
0.880060
0.614658
0.727000
0.802979
1.188977
1.178626
0.580707
0.070960
0.785298
1.313046
1.157511
1.283330
0.380373
0.242783
0.294573
0.433936
0.541665
0.569121
0.656876
0.436517
0.831673
0.712391
0.433554
1.311568
1.820969
0.978815
0.313537
0.964845
0.597035
0.967283
0.646643
0.795400
0.313727
0.939450
1.484628
1.936655
1.652301
0.601049
0.597704
1.342592
1.992210
1.411504
1.364404
1.128001
0.642471
1.090842
0.819349
1.620054
1.677186
1.543827
1.578953
1.979341
1.616083
0.690949
1.626046
2.094883
0.722954
0.956110
1.202451
2.128289
1.526636
3.960164
7.063751
11.706930
20.038657
22.170001
24.757536
25.648962
23.409598
19.232607
13.325906
7.946776
2.769485
1.914902
2.641921
2.503558
1.246425
1.271885
1.822600
2.399329
2.269460
1.971466
3.014346
3.533255
2.215309
2.509984
2.225902
0.894664
1.872744
1.684699
3.294089
2.893522
2.192270
1.170829
1.118648
2.744124
2.475790
2.106202
0.306715
1.588923
1.654096
1.075434
0.840340
0.837515
1.689356
1.592252
1.314325
1.232915
1.873551
1.631665
1.638378
0.868209
0.330035
0.733749
0.758867
0.606032
1.149166
1.451487
0.890418
1.396874
1.550960
2.006604
1.418947
0.233501
0.805968
1.788178
2.417895
1.869385
1.504101
0.354623
0.440178
0.561105
0.617388
1.222831
1.139575
0.936856
0.952217
1.250837
0.629354
1.795013
2.846763
2.497287
0.646119
1.038225
1.950660
0.815043
1.618470
1.057604
0.748552
1.267755
2.187232
3.164037
3.253072
1.630377
0.959509
1.406531
2.976157
3.272976
1.773491
2.376750
1.844102
1.168433
2.001343
1.585763
3.101416
2.864056
2.492641
3.119133
3.092474
2.423688
1.500971
2.980260
3.354314
1.060824
0.610673
4.409756
0.545555
6.999552
11.504366
15.014991
26.361359
32.751478
32.565266
35.464513
36.155221
33.738112
28.776344
21.421188
14.927821
5.354795
2.465980
5.500355
5.016976
2.224322
2.770099
3.509303
4.876568
4.271289
4.057788
6.429706
6.000219
3.746291
4.666175
3.466087
1.856887
4.266722
3.973157
6.179837
4.372728
3.091541
1.628404
3.543767
5.456525
3.587845
1.674748
2.653242
3.113975
2.260079
0.400110
2.449686
2.407125
2.705408
1.953314
2.023204
3.047978
2.705104
2.821121
2.564529
0.389797
0.246473
0.998344
1.536192
1.445255
2.282650
2.259745
1.730048
2.725232
2.742235
2.888771
1.218157
0.766439
2.094932
3.545870
3.849061
2.089499
1.256103
0.665791
1.240062
0.461721
0.977483
2.615533
1.271127
1.206338
1.654409
0.770513
2.357882
3.758800
4.028082
2.123075
1.514888
2.417239
2.349093
1.693719
1.883297
1.364644
0.379934
2.802220
4.005009
4.628683
3.242612
0.783105
1.847480
2.834962
4.433331
3.601750
2.170068
3.266262
1.917884
1.880972
2.845601
2.438695
4.045798
3.587300
3.467741
3.998839
3.178569
3.163366
2.492265
3.314927
4.481674
1.285862
2.375475
4.965686
7.602653
11.441161
17.093491
21.230084
32.597486
33.591701
31.727604
34.057858
34.980087
32.748465
28.097092
22.302964
16.960210
6.994072
1.603461
6.523764
6.160319
2.868526
3.204400
4.546682
5.529846
5.135260
5.639554
7.119504
6.158604
4.242760
4.642032
3.404605
3.013275
5.413800
4.943345
6.455099
3.558046
2.512175
2.670086
4.962913
5.015989
1.790198
0.629209
3.889132
2.216025
0.851783
2.256411
2.360804
2.711544
1.450749
0.983871
3.054845
2.448410
2.494344
2.730069
1.298500
0.508440
0.243800
0.640588
1.826075
1.484465
2.160097
1.848293
1.959081
2.459141
2.203999
1.780265
0.471998
1.339092
2.448770
3.421267
2.417208
0.833414
1.073356
0.051301
0.879526
0.829745
1.676230
1.814602
0.892486
0.938133
0.827734
0.987474
2.882967
2.917224
2.137422
1.461209
1.749634
1.924752
1.047522
1.555570
0.793694
0.974441
0.752873
3.120429
3.265063
2.876763
1.366747
0.453268
2.123820
2.423558
2.812580
2.395343
1.597911
2.166419
1.033220
1.570277
2.042543
1.760310
2.601417
2.764362
2.368754
2.404100
1.838358
2.395895
1.579420
2.448968
1.697270
2.872106
2.879440
1.873189
8.485591
8.164307
11.704116
14.424035
19.094080
17.351288
15.970470
17.478609
18.008944
17.066602
14.327193
12.666050
9.503183
4.892409
0.633478
3.702264
4.092086
1.806404
1.989417
2.977555
3.141962
3.665117
3.478546
3.988425
3.574164
2.244016
2.573068
2.032431
2.473231
3.257269
2.919864
3.297090
1.308865
1.451980
2.330527
2.987600
1.853771
0.286223
1.424117
2.135652
0.257220
0.613587
1.800476
0.993726
1.139051
0.491844
1.109900
1.587827
1.315148
1.524425
1.036949
0.433569
0.328772
0.059397
0.443669
1.155227
0.834529
1.234202
0.868802
1.255141
1.204336
0.938367
0.463960
0.508796
1.065756
1.596377
1.486119
0.713204
0.434162
0.391088
0.231938
0.403533
0.710472
0.989550
0.360415
0.586601
0.312508
0.101597
1.112390
1.528571
1.019021
0.592808
1.044497
0.856167
0.774239
0.326616
0.666803
0.115128
0.577301
0.788844
1.672153
1.181553
0.894528
0.302825
0.574220
1.135526
0.966655
1.109097
1.045321
0.632741
0.878666
0.354195
0.868858
0.909290
0.698041
1.170514
1.234878
0.852383
0.837182
0.922346
0.878704
0.903197
0.936588
0.913900
1.280301
1.563313
2.514803
3.821113
3.954073
5.142670
6.396593
7.546411
6.260542
5.929137
6.701105
7.125412
6.638878
5.694913
5.395500
4.009711
2.514382
0.355298
1.567745
2.020182
1.088342
1.059817
1.426970
1.740611
1.849490
1.609313
1.927362
1.539552
0.983082
1.282931
0.938085
1.450245
1.555107
1.410154
1.267410
0.497546
0.931863
1.342209
1.109597
0.223696
0.612533
0.875603
0.588097
0.431487
0.649139
0.720511
0.312618
0.292317
0.468685
0.544083
0.735908
0.705602
0.573968
0.316124
0.208198
0.103737
0.127339
0.340718
0.598128
0.422892
0.620235
0.358043
0.669336
0.460879
0.299475
0.103233
0.452064
0.719513
0.743157
0.495995
0.313239
0.158589
0.042263
0.053569
0.447559
0.385228
0.405977
0.121686
0.285624
0.105697
0.364146
0.780096
0.656546
0.310731
0.453631
0.633734
0.342270
0.279423
0.227884
0.314384
0.125120
0.509026
0.725959
0.930460
0.514036
0.411524
0.162086
0.548084
0.632874
0.533602
0.673535
0.590344
0.365077
0.478683
0.192578
0.571292
0.471500
0.447402
0.803903
0.736343
0.391085
0.572449
0.574992
0.706476
0.564017
0.091000
1.173061
0.470879
1.298871
2.323552
2.025698
2.796133
3.159241
3.830150
4.054441
3.199429
3.056163
3.574618
3.854882
3.407420
3.224708
2.977397
2.338372
1.570505
0.337671
0.908003
1.263061
0.816501
0.549411
1.028722
1.223686
1.149970
1.084196
1.198289
0.900232
0.707751
0.911728
0.667381
1.115582
0.998127
0.900578
0.578770
0.567332
0.769730
0.882743
0.382668
0.291170
0.625906
0.484932
0.129272
0.517607
0.480391
0.225139
0.095199
0.379532
0.346996
0.394776
0.639910
0.418725
0.293580
0.222175
0.128562
0.072273
0.183483
0.323056
0.478056
0.321890
0.438014
0.286015
0.461576
0.207022
0.114064
0.174380
0.530956
0.543691
0.436479
0.349446
0.165005
0.019221
0.123948
0.140327
0.415399
0.202367
0.156498
0.217104
0.070862
0.231545
0.441742
0.539864
0.301585
0.272482
0.444870
0.390774
0.150262
0.098254
0.174024
0.198628
0.268708
0.472031
0.567461
0.546614
0.258119
0.197173
0.282975
0.424700
0.405526
0.378048
0.461145
0.366730
0.223469
0.331674
0.194249
0.416293
0.336584
0.370885
0.599168
0.404813
0.237797
0.357194
0.512683
0.533357
0.103655
0.564862
0.772704
0.923692
1.199771
1.819317
1.280499
2.257157
2.204492
2.660940
2.680662
2.010708
2.046075
2.582651
2.692373
2.475386
2.477260
2.195613
1.872698
1.338071
0.380262
0.626730
1.170158
0.712428
0.448402
1.056508
1.047651
0.993952
0.915469
0.952249
0.788790
0.639356
0.729877
0.602461
0.962915
0.744953
0.675365
0.282328
0.729193
0.656711
0.547603
0.109743
0.499568
0.475185
0.079978
0.452841
0.410257
0.277360
0.109084
0.145130
0.326683
0.248536
0.411733
0.491027
0.241432
0.186186
0.184887
0.053095
0.118040
0.207801
0.344115
0.407108
0.276372
0.349357
0.273652
0.337778
0.101414
0.051214
0.339602
0.485872
0.335422
0.304799
0.236516
0.033196
0.072128
0.156622
0.258813
0.305474
0.088921
0.049206
0.213092
0.131993
0.334565
0.447800
0.336369
0.215519
0.363989
0.403953
0.205105
0.141685
0.099129
0.202409
0.146123
0.383943
0.410588
0.446469
0.413578
0.152607
0.110528
0.311894
0.349131
0.354325
0.359953
0.404195
0.296758
0.221667
0.262677
0.172029
0.365601
0.353688
0.375032
0.457178
0.373483
0.222880
0.349050
0.605143
0.136901
0.456637
0.648163
0.374425
1.163608
1.096678
1.450091
1.212792
2.013037
1.778705
2.137582
2.023427
1.435142
1.587506
2.019975
1.961636
1.955548
1.922406
1.729736
1.520880
1.155918
0.371745
0.450916
0.998104
0.706317
0.487652
0.965053
0.961528
0.872480
0.756524
0.824851
0.692289
0.612643
0.669548
0.682525
0.895601
0.556807
0.459974
0.333150
0.710896
0.411319
0.155212
0.419118
0.449298
0.159319
0.237875
0.440156
0.152219
0.109651
0.146083
0.197989
0.278757
0.312357
0.388020
0.345995
0.157254
0.148159
0.113037
0.078219
0.156961
0.244905
0.329534
0.290851
0.229821
0.241891
0.204722
0.230231
0.040849
0.171647
0.387939
0.346171
0.268947
0.245741
0.104121
0.096004
0.122063
0.166201
0.245530
0.141750
0.083440
0.105465
0.106331
0.250785
0.284595
0.292005
0.218452
0.272614
0.318032
0.218520
0.032674
0.104745
0.121046
0.234404
0.200047
0.389522
0.338950
0.387114
0.251647
0.129598
0.129801
0.287751
0.299614
0.284763
0.285342
0.295150
0.209587
0.179780
0.165626
0.127425
0.308631
0.327227
0.288878
0.336048
0.256888
0.157112
0.477936
0.285114
0.314009
0.541826
0.451187
0.612996
1.050794
0.881204
1.032652
1.055395
1.512184
1.234885
1.518495
1.370204
0.975516
1.142934
1.398044
1.439545
1.515058
1.431141
1.321025
1.212717
0.906469
0.401730
0.385876
0.738248
0.697692
0.411399
0.834427
0.805179
0.637779
0.641425
0.698241
0.505606
0.507252
0.514904
0.570243
0.652574
0.323720
0.322020
0.441519
0.514095
0.151733
0.154830
0.453169
0.173169
0.149288
0.335510
0.231080
0.049957
0.146911
0.109144
0.135693
0.288397
0.260080
0.278362
0.233704
0.124601
0.110744
0.065094
0.095311
0.176900
0.251158
0.285208
0.203403
0.198509
0.168230
0.165761
0.116394
0.150514
0.207895
0.302534
0.257704
0.196891
0.111476
0.119577
0.092261
0.148616
0.160457
0.153446
0.012420
0.100366
0.113948
0.076764
0.289683
0.200996
0.157523
0.237584
0.266023
0.223841
0.104271
0.014440
0.117578
0.113132
0.171456
0.201262
0.280498
0.233383
0.255977
0.069777
0.131935
0.101425
0.223017
0.239487
0.226836
0.225285
0.220290
0.133697
0.158042
0.129689
0.117437
0.300157
0.231434
0.180896
0.273596
0.156136
0.292712
0.336771
0.151405
0.424598
0.376566
0.358428
0.676514
0.761227
0.714641
0.761970
0.950053
1.202247
0.916295
1.140555
1.056388
0.749692
0.878987
1.054713
1.174977
1.219212
1.175138
1.094430
1.052008
0.804862
0.434602
0.290127
0.683807
0.695001
0.438053
0.811355
0.719682
0.590757
0.654534
0.620898
0.430524
0.504858
0.527767
0.615501
0.495753
0.260413
0.328835
0.480934
0.263147
0.130439
0.336545
0.295397
0.091415
0.261309
0.229556
0.128127
0.087837
0.125373
0.060747
0.167054
0.292337
0.214793
0.216713
0.185675
0.089660
0.058985
0.030153
0.145221
0.206327
0.249637
0.225529
0.133761
0.166406
0.144175
0.155955
0.014417
0.213609
0.189097
0.256802
0.213320
0.103351
0.097798
0.135119
0.093750
0.158234
0.143579
0.059124
0.107123
0.099328
0.127845
0.149217
0.251724
0.106191
0.155782
0.284905
0.205544
0.137163
0.040252
0.100042
0.165389
0.156611
0.161752
0.226018
0.303078
0.241202
0.179751
0.027338
0.157406
0.128793
0.233672
0.238936
0.210886
0.234414
0.188752
0.076545
0.103339
0.112602
0.166522
0.292187
0.194743
0.214014
0.164943
0.354101
0.287017
0.046725
0.429995
0.340958
0.322859
0.509932
0.719215
0.635230
0.685542
0.667418
0.898559
1.040711
0.714611
0.927051
0.910374
0.593205
0.654285
0.867506
1.013866
1.049970
0.985371
0.999632
0.892911
0.756132
0.362556
0.224765
0.648911
0.695219
0.454247
0.756150
0.661933
0.549247
0.632387
0.537287
0.404240
0.547317
0.503744
0.542690
0.274283
0.312077
0.331387
0.386662
0.074255
0.285726
0.332704
0.091362
0.254307
0.226572
0.142958
0.120533
0.063638
0.116121
0.141044
0.231340
0.285267
0.174224
0.203154
0.184370
0.060723
0.034787
0.068924
0.213598
0.228417
0.243985
0.173752
0.106714
0.175188
0.109101
0.087133
0.146257
0.232879
0.200427
0.289096
0.149555
0.082430
0.168440
0.115113
0.126191
0.124715
0.085088
0.043914
0.128838
0.077301
0.142978
0.189805
0.198943
0.118203
0.244744
0.276223
0.132590
0.101394
0.030152
0.153249
0.155005
0.174911
0.171303
0.273615
0.281598
0.161645
0.087182
0.097463
0.176026
0.133799
0.258537
0.241805
0.208856
0.222207
0.130450
0.073903
0.125902
0.184428
0.211212
0.287852
0.246465
0.127934
0.285199
0.412883
0.122253
0.297375
0.540780
0.294971
0.454642
0.718630
0.764464
0.590220
0.776302
0.754513
1.059900
1.114824
0.722351
1.062975
1.041731
0.559694
0.690910
1.043960
1.243782
1.283012
1.232012
1.243816
1.188550
1.011836
0.550095
0.384957
0.871241
0.998096
0.634566
0.975460
0.966801
0.788527
0.839927
0.610171
0.551420
0.765948
0.682117
0.603589
0.255729
0.540820
0.433145
0.207220
0.397743
0.354756
0.167031
0.323409
0.287684
0.192816
0.241079
0.129267
0.036334
0.144126
0.194865
0.314765
0.330518
0.184878
0.239795
0.195779
0.047660
0.064236
0.165377
0.350306
0.310296
0.268595
0.166892
0.192458
0.246249
0.096642
0.075037
0.244855
0.300736
0.284202
0.299650
0.141582
0.169886
0.202298
0.121727
0.219566
0.112400
0.029982
0.172298
0.161065
0.160991
0.223431
0.234881
0.209318
0.264697
0.368755
0.297853
0.134153
0.100758
0.171636
0.227834
0.162333
0.234569
0.275182
0.413243
0.303691
0.118851
0.021266
0.175034
0.252956
0.215133
0.354197
0.361851
0.291954
0.275265
0.122561
0.061425
0.206072
0.250794
0.242625
0.461660
0.183091
0.183376
0.641316
0.222443
0.293590
0.640186
0.484742
0.496624
0.724122
1.001134
0.873959
0.752242
1.037719
0.978696
1.289323
1.279219
0.805836
1.321013
1.210954
0.541851
0.775434
1.228684
1.539603
1.509946
1.606270
1.509946
1.539603
1.228684
0.775434
0.541851
1.210954
1.321013
0.805836
1.279219
1.289323
0.978696
1.037719
0.752242
0.873959
1.001134
0.724122
0.496624
0.484742
0.640186
0.293590
0.222443
0.641316
0.183376
0.183091
0.461660
0.242625
0.250794
0.206072
0.061425
0.122561
0.275265
0.291954
0.361851
0.354197
0.215133
0.252956
0.175034
0.021266
0.118851
0.303691
0.413243
0.275182
0.234569
0.162333
0.227834
0.171636
0.100758
0.134153
0.297853
0.368755
0.264697
0.209318
0.234881
0.223431
0.160991
0.161065
0.172298
0.029982
0.112400
0.219566
0.121727
0.202298
0.169886
0.141582
0.299650
0.284202
0.300736
0.244855
0.075037
0.096642
0.246249
0.192458
0.166892
0.268595
0.310296
0.350306
0.165377
0.064236
0.047660
0.195779
0.239795
0.184878
0.330518
0.314765
0.194865
0.144126
0.036334
0.129267
0.241079
0.192816
0.287684
0.323409
0.167031
0.354756
0.397743
0.207220
0.433145
0.540820
0.255729
0.603589
0.682117
0.765948
0.551420
0.610171
0.839927
0.788527
0.966801
0.975460
0.634566
0.998096
0.871241
0.384957
0.550095
1.011836
1.188550
1.243816
1.232012
1.283012
1.243782
1.043960
0.690910
0.559694
1.041731
1.062975
0.722351
1.114824
1.059900
0.754513
0.776302
0.590220
0.764464
0.718630
0.454642
0.294971
0.540780
0.297375
0.122253
0.412883
0.285199
0.127934
0.246465
0.287852
0.211212
0.184428
0.125902
0.073903
0.130450
0.222207
0.208856
0.241805
0.258537
0.133799
0.176026
0.097463
0.087182
0.161645
0.281598
0.273615
0.171303
0.174911
0.155005
0.153249
0.030152
0.101394
0.132590
0.276223
0.244744
0.118203
0.198943
0.189805
0.142978
0.077301
0.128838
0.043914
0.085088
0.124715
0.126191
0.115113
0.168440
0.082430
0.149555
0.289096
0.200427
0.232879
0.146257
0.087133
0.109101
0.175188
0.106714
0.173752
0.243985
0.228417
0.213598
0.068924
0.034787
0.060723
0.184370
0.203154
0.174224
0.285267
0.231340
0.141044
0.116121
0.063638
0.120533
0.142958
0.226572
0.254307
0.091362
0.332704
0.285726
0.074255
0.386662
0.331387
0.312077
0.274283
0.542690
0.503744
0.547317
0.404240
0.537287
0.632387
0.549247
0.661933
0.756150
0.454247
0.695219
0.648911
0.224765
0.362556
0.756132
0.892911
0.999632
0.985371
1.049970
1.013866
0.867506
0.654285
0.593205
0.910374
0.927051
0.714611
1.040711
0.898559
0.667418
0.685542
0.635230
0.719215
0.509932
0.322859
0.340958
0.429995
0.046725
0.287017
0.354101
0.164943
0.214014
0.194743
0.292187
0.166522
0.112602
0.103339
0.076545
0.188752
0.234414
0.210886
0.238936
0.233672
0.128793
0.157406
0.027338
0.179751
0.241202
0.303078
0.226018
0.161752
0.156611
0.165389
0.100042
0.040252
0.137163
0.205544
0.284905
0.155782
0.106191
0.251724
0.149217
0.127845
0.099328
0.107123
0.059124
0.143579
0.158234
0.093750
0.135119
0.097798
0.103351
0.213320
0.256802
0.189097
0.213609
0.014417
0.155955
0.144175
0.166406
0.133761
0.225529
0.249637
0.206327
0.145221
0.030153
0.058985
0.089660
0.185675
0.216713
0.214793
0.292337
0.167054
0.060747
0.125373
0.087837
0.128127
0.229556
0.261309
0.091415
0.295397
0.336545
0.130439
0.263147
0.480934
0.328835
0.260413
0.495753
0.615501
0.527767
0.504858
0.430524
0.620898
0.654534
0.590757
0.719682
0.811355
0.438053
0.695001
0.683807
0.290127
0.434602
0.804862
1.052008
1.094430
1.175138
1.219212
1.174977
1.054713
0.878987
0.749692
1.056388
1.140555
0.916295
1.202247
0.950053
0.761970
0.714641
0.761227
0.676514
0.358428
0.376566
0.424598
0.151405
0.336771
0.292712
0.156136
0.273596
0.180896
0.231434
0.300157
0.117437
0.129689
0.158042
0.133697
0.220290
0.225285
0.226836
0.239487
0.223017
0.101425
0.131935
0.069777
0.255977
0.233383
0.280498
0.201262
0.171456
0.113132
0.117578
0.014440
0.104271
0.223841
0.266023
0.237584
0.157523
0.200996
0.289683
0.076764
0.113948
0.100366
0.012420
0.153446
0.160457
0.148616
0.092261
0.119577
0.111476
0.196891
0.257704
0.302534
0.207895
0.150514
0.116394
0.165761
0.168230
0.198509
0.203403
0.285208
0.251158
0.176900
0.095311
0.065094
0.110744
0.124601
0.233704
0.278362
0.260080
0.288397
0.135693
0.109144
0.146911
0.049957
0.231080
0.335510
0.149288
0.173169
0.453169
0.154830
0.151733
0.514095
0.441519
0.322020
0.323720
0.652574
0.570243
0.514904
0.507252
0.505606
0.698241
0.641425
0.637779
0.805179
0.834427
0.411399
0.697692
0.738248
0.385876
0.401730
0.906469
1.212717
1.321025
1.431141
1.515058
1.439545
1.398044
1.142934
0.975516
1.370204
1.518495
1.234885
1.512184
1.055395
1.032652
0.881204
1.050794
0.612996
0.451187
0.541826
0.314009
0.285114
0.477936
0.157112
0.256888
0.336048
0.288878
0.327227
0.308631
0.127425
0.165626
0.179780
0.209587
0.295150
0.285342
0.284763
0.299614
0.287751
0.129801
0.129598
0.251647
0.387114
0.338950
0.389522
0.200047
0.234404
0.121046
0.104745
0.032674
0.218520
0.318032
0.272614
0.218452
0.292005
0.284595
0.250785
0.106331
0.105465
0.083440
0.141750
0.245530
0.166201
0.122063
0.096004
0.104121
0.245741
0.268947
0.346171
0.387939
0.171647
0.040849
0.230231
0.204722
0.241891
0.229821
0.290851
0.329534
0.244905
0.156961
0.078219
0.113037
0.148159
0.157254
0.345995
0.388020
0.312357
0.278757
0.197989
0.146083
0.109651
0.152219
0.440156
0.237875
0.159319
0.449298
0.419118
0.155212
0.411319
0.710896
0.333150
0.459974
0.556807
0.895601
0.682525
0.669548
0.612643
0.692289
0.824851
0.756524
0.872480
0.961528
0.965053
0.487652
0.706317
0.998104
0.450916
0.371745
1.155918
1.520880
1.729736
1.922406
1.955548
1.961636
2.019975
1.587506
1.435142
2.023427
2.137582
1.778705
2.013037
1.212792
1.450091
1.096678
1.163608
0.374425
0.648163
0.456637
0.136901
0.605143
0.349050
0.222880
0.373483
0.457178
0.375032
0.353688
0.365601
0.172029
0.262677
0.221667
0.296758
0.404195
0.359953
0.354325
0.349131
0.311894
0.110528
0.152607
0.413578
0.446469
0.410588
0.383943
0.146123
0.202409
0.099129
0.141685
0.205105
0.403953
0.363989
0.215519
0.336369
0.447800
0.334565
0.131993
0.213092
0.049206
0.088921
0.305474
0.258813
0.156622
0.072128
0.033196
0.236516
0.304799
0.335422
0.485872
0.339602
0.051214
0.101414
0.337778
0.273652
0.349357
0.276372
0.407108
0.344115
0.207801
0.118040
0.053095
0.184887
0.186186
0.241432
0.491027
0.411733
0.248536
0.326683
0.145130
0.109084
0.277360
0.410257
0.452841
0.079978
0.475185
0.499568
0.109743
0.547603
0.656711
0.729193
0.282328
0.675365
0.744953
0.962915
0.602461
0.729877
0.639356
0.788790
0.952249
0.915469
0.993952
1.047651
1.056508
0.448402
0.712428
1.170158
0.626730
0.380262
1.338071
1.872698
2.195613
2.477260
2.475386
2.692373
2.582651
2.046075
2.010708
2.680662
2.660940
2.204492
2.257157
1.280499
1.819317
1.199771
0.923692
0.772704
0.564862
0.103655
0.533357
0.512683
0.357194
0.237797
0.404813
0.599168
0.370885
0.336584
0.416293
0.194249
0.331674
0.223469
0.366730
0.461145
0.378048
0.405526
0.424700
0.282975
0.197173
0.258119
0.546614
0.567461
0.472031
0.268708
0.198628
0.174024
0.098254
0.150262
0.390774
0.444870
0.272482
0.301585
0.539864
0.441742
0.231545
0.070862
0.217104
0.156498
0.202367
0.415399
0.140327
0.123948
0.019221
0.165005
0.349446
0.436479
0.543691
0.530956
0.174380
0.114064
0.207022
0.461576
0.286015
0.438014
0.321890
0.478056
0.323056
0.183483
0.072273
0.128562
0.222175
0.293580
0.418725
0.639910
0.394776
0.346996
0.379532
0.095199
0.225139
0.480391
0.517607
0.129272
0.484932
0.625906
0.291170
0.382668
0.882743
0.769730
0.567332
0.578770
0.900578
0.998127
1.115582
0.667381
0.911728
0.707751
0.900232
1.198289
1.084196
1.149970
1.223686
1.028722
0.549411
0.816501
1.263061
0.908003
0.337671
1.570505
2.338372
2.977397
3.224708
3.407420
3.854882
3.574618
3.056163
3.199429
4.054441
3.830150
3.159241
2.796133
2.025698
2.323552
1.298871
0.470879
1.173061
0.091000
0.564017
0.706476
0.574992
0.572449
0.391085
0.736343
0.803903
0.447402
0.471500
0.571292
0.192578
0.478683
0.365077
0.590344
0.673535
0.533602
0.632874
0.548084
0.162086
0.411524
0.514036
0.930460
0.725959
0.509026
0.125120
0.314384
0.227884
0.279423
0.342270
0.633734
0.453631
0.310731
0.656546
0.780096
0.364146
0.105697
0.285624
0.121686
0.405977
0.385228
0.447559
0.053569
0.042263
0.158589
0.313239
0.495995
0.743157
0.719513
0.452064
0.103233
0.299475
0.460879
0.669336
0.358043
0.620235
0.422892
0.598128
0.340718
0.127339
0.103737
0.208198
0.316124
0.573968
0.705602
0.735908
0.544083
0.468685
0.292317
0.312618
0.720511
0.649139
0.431487
0.588097
0.875603
0.612533
0.223696
1.109597
1.342209
0.931863
0.497546
1.267410
1.410154
1.555107
1.450245
0.938085
1.282931
0.983082
1.539552
1.927362
1.609313
1.849490
1.740611
1.426970
1.059817
1.088342
2.020182
1.567745
0.355298
2.514382
4.009711
5.395500
5.694913
6.638878
7.125412
6.701105
5.929137
6.260542
7.546411
6.396593
5.142670
3.954073
3.821113
2.514803
1.563313
1.280301
0.913900
0.936588
0.903197
0.878704
0.922346
0.837182
0.852383
1.234878
1.170514
0.698041
0.909290
0.868858
0.354195
0.878666
0.632741
1.045321
1.109097
0.966655
1.135526
0.574220
0.302825
0.894528
1.181553
1.672153
0.788844
0.577301
0.115128
0.666803
0.326616
0.774239
0.856167
1.044497
0.592808
1.019021
1.528571
1.112390
0.101597
0.312508
0.586601
0.360415
0.989550
0.710472
0.403533
0.231938
0.391088
0.434162
0.713204
1.486119
1.596377
1.065756
0.508796
0.463960
0.938367
1.204336
1.255141
0.868802
1.234202
0.834529
1.155227
0.443669
0.059397
0.328772
0.433569
1.036949
1.524425
1.315148
1.587827
1.109900
0.491844
1.139051
0.993726
1.800476
0.613587
0.257220
2.135652
1.424117
0.286223
1.853771
2.987600
2.330527
1.451980
1.308865
3.297090
2.919864
3.257269
2.473231
2.032431
2.573068
2.244016
3.574164
3.988425
3.478546
3.665117
3.141962
2.977555
1.989417
1.806404
4.092086
3.702264
0.633478
4.892409
9.503183
12.666050
14.327193
17.066602
18.008944
17.478609
15.970470
17.351288
19.094080
14.424035
11.704116
8.164307
8.485591
1.873189
2.879440
2.872106
1.697270
2.448968
1.579420
2.395895
1.838358
2.404100
2.368754
2.764362
2.601417
1.760310
2.042543
1.570277
1.033220
2.166419
1.597911
2.395343
2.812580
2.423558
2.123820
0.453268
1.366747
2.876763
3.265063
3.120429
0.752873
0.974441
0.793694
1.555570
1.047522
1.924752
1.749634
1.461209
2.137422
2.917224
2.882967
0.987474
0.827734
0.938133
0.892486
1.814602
1.676230
0.829745
0.879526
0.051301
1.073356
0.833414
2.417208
3.421267
2.448770
1.339092
0.471998
1.780265
2.203999
2.459141
1.959081
1.848293
2.160097
1.484465
1.826075
0.640588
0.243800
0.508440
1.298500
2.730069
2.494344
2.448410
3.054845
0.983871
1.450749
2.711544
2.360804
2.256411
0.851783
2.216025
3.889132
0.629209
1.790198
5.015989
4.962913
2.670086
2.512175
3.558046
6.455099
4.943345
5.413800
3.013275
3.404605
4.642032
4.242760
6.158604
7.119504
5.639554
5.135260
5.529846
4.546682
3.204400
2.868526
6.160319
6.523764
1.603461
6.994072
16.960210
22.302964
28.097092
32.748465
34.980087
34.057858
31.727604
33.591701
32.597486
21.230084
17.093491
11.441161
7.602653
4.965686
2.375475
1.285862
4.481674
3.314927
2.492265
3.163366
3.178569
3.998839
3.467741
3.587300
4.045798
2.438695
2.845601
1.880972
1.917884
3.266262
2.170068
3.601750
4.433331
2.834962
1.847480
0.783105
3.242612
4.628683
4.005009
2.802220
0.379934
1.364644
1.883297
1.693719
2.349093
2.417239
1.514888
2.123075
4.028082
3.758800
2.357882
0.770513
1.654409
1.206338
1.271127
2.615533
0.977483
0.461721
1.240062
0.665791
1.256103
2.089499
3.849061
3.545870
2.094932
0.766439
1.218157
2.888771
2.742235
2.725232
1.730048
2.259745
2.282650
1.445255
1.536192
0.998344
0.246473
0.389797
2.564529
2.821121
2.705104
3.047978
2.023204
1.953314
2.705408
2.407125
2.449686
0.400110
2.260079
3.113975
2.653242
1.674748
3.587845
5.456525
3.543767
1.628404
3.091541
4.372728
6.179837
3.973157
4.266722
1.856887
3.466087
4.666175
3.746291
6.000219
6.429706
4.057788
4.271289
4.876568
3.509303
2.770099
2.224322
5.016976
5.500355
2.465980
5.354795
14.927821
21.421188
28.776344
33.738112
36.155221
35.464513
32.565266
32.751478
26.361359
15.014991
11.504366
6.999552
0.545555
4.409756
0.610673
1.060824
3.354314
2.980260
1.500971
2.423688
3.092474
3.119133
2.492641
2.864056
3.101416
1.585763
2.001343
1.168433
1.844102
2.376750
1.773491
3.272976
2.976157
1.406531
0.959509
1.630377
3.253072
3.164037
2.187232
1.267755
0.748552
1.057604
1.618470
0.815043
1.950660
1.038225
0.646119
2.497287
2.846763
1.795013
0.629354
1.250837
0.952217
0.936856
1.139575
1.222831
0.617388
0.561105
0.440178
0.354623
1.504101
1.869385
2.417895
1.788178
0.805968
0.233501
1.418947
2.006604
1.550960
1.396874
0.890418
1.451487
1.149166
0.606032
0.758867
0.733749
0.330035
0.868209
1.638378
1.631665
1.873551
1.232915
1.314325
1.592252
1.689356
0.837515
0.840340
1.075434
1.654096
1.588923
0.306715
2.106202
2.475790
2.744124
1.118648
1.170829
2.192270
2.893522
3.294089
1.684699
1.872744
0.894664
2.225902
2.509984
2.215309
3.533255
3.014346
1.971466
2.269460
2.399329
1.822600
1.271885
1.246425
2.503558
2.641921
1.914902
2.769485
7.946776
13.325906
19.232607
23.409598
25.648962
24.757536
22.170001
20.038657
11.706930
7.063751
3.960164
1.526636
2.128289
1.202451
0.956110
0.722954
2.094883
1.626046
0.690949
1.616083
1.979341
1.578953
1.543827
1.677186
1.620054
0.819349
1.090842
0.642471
1.128001
1.364404
1.411504
1.992210
1.342592
0.597704
0.601049
1.652301
1.936655
1.484628
0.939450
0.313727
0.795400
0.646643
0.967283
0.597035
0.964845
0.313537
0.978815
1.820969
1.311568
0.433554
0.712391
0.831673
0.436517
0.656876
0.569121
0.541665
0.433936
0.294573
0.242783
0.380373
1.283330
1.157511
1.313046
0.785298
0.070960
0.580707
1.178626
1.188977
0.802979
0.727000
0.614658
0.880060
0.540325
0.185205
0.575580
0.220785
0.577745
0.719558
1.056738
1.298182
0.883597
0.640905
1.317596
0.918912
0.890485
0.333848
0.106905
1.248789
0.996432
0.619266
0.910029
1.934023
1.757455
1.449310
0.518503
1.277614
1.955290
2.210055
1.907011
0.866864
1.279239
0.789971
1.734895
1.989338
1.900278
2.560132
2.129365
1.513877
1.652461
1.932699
1.413565
0.993770
1.232768
1.741327
2.106028
1.863952
2.031779
6.552001
12.902857
20.452416
26.493610
28.986966
26.581665
21.581643
15.117355
5.891614
4.575267
1.015240
0.718228
1.483868
1.058874
0.767850
0.658646
1.769453
1.214515
0.539433
1.654953
1.698543
1.319324
1.487723
1.544038
1.371681
0.630331
1.095443
0.529435
1.079350
1.648427
1.414465
1.663100
0.942055
0.707953
0.918660
1.914453
1.630228
1.151918
0.608395
0.367910
1.076654
0.654855
0.957468
0.742327
0.611848
0.968535
1.567506
1.837676
0.701187
0.434005
1.124685
0.488386
0.625282
0.552198
0.416386
0.750795
0.174579
0.164222
0.540300
1.022447
1.605881
1.254813
1.385064
0.441362
0.459325
1.141495
1.535364
1.130234
0.814565
0.770379
0.747097
0.889533
0.383016
0.247412
0.667673
0.462896
0.735302
0.751765
1.631173
1.139424
0.630998
1.431535
1.433686
0.704612
0.540543
0.436529
0.777351
1.572770
0.582499
0.342796
1.753547
1.993419
1.497462
0.908701
0.899960
1.607255
2.093704
1.981892
1.375208
0.704740
1.337023
0.721835
1.791033
2.241477
1.701051
2.122641
1.902693
1.118733
1.301219
1.529659
1.091457
0.789077
1.052509
1.043541
1.916789
1.685996
1.385913
5.657276
13.475976
24.316687
34.974789
37.705219
30.376482
19.828688
8.944513
3.953994
1.850331
1.033757
0.975493
0.887707
1.144768
1.087355
0.974170
1.544975
1.277917
1.005815
1.549636
1.563053
1.255087
1.367027
1.195330
0.950053
0.548390
0.705498
0.442683
1.170291
1.490327
1.219160
1.320661
0.542046
0.937010
1.206145
1.509877
1.085347
0.643566
0.198532
0.544625
0.639796
0.450106
0.421500
0.324491
0.489003
0.946753
1.103083
0.781117
0.330830
0.602501
0.590295
0.198627
0.351276
0.237594
0.401478
0.312843
0.145036
0.240837
0.414356
0.694710
0.810426
0.599327
0.498249
0.145652
0.455796
0.690011
0.672777
0.413162
0.381676
0.355737
0.380779
0.323719
0.285140
0.237530
0.129983
0.383670
0.399876
0.623817
0.771228
0.317398
0.665234
0.792652
0.446222
0.267909
0.058515
0.332421
0.601509
0.535715
0.159141
0.546073
1.191274
1.015871
0.679329
0.331084
0.910839
1.227935
1.218854
0.878459
0.602038
0.424629
0.601996
0.451690
1.126195
1.147613
0.884763
1.240727
1.099290
0.722964
0.857939
0.911221
0.818355
0.595954
0.571818
0.507671
1.074017
0.913337
0.449229
2.683289
7.690390
16.522922
25.792760
23.396804
12.814275
5.631659
1.247267
1.062359
0.216832
0.260994
0.100517
0.260792
0.288705
0.195427
0.107121
0.321503
0.353111
0.065343
0.358339
0.464531
0.282544
0.379105
0.375057
0.295071
0.163094
0.254348
0.133401
0.342841
0.266945
0.108712
0.175715
0.073454
0.143052
0.177397
0.363989
0.181020
0.118771
0.162190
0.329341
0.243090
0.248267
0.075766
0.049350
0.350377
0.363814
0.306233
0.157979
0.231091
0.207543
0.091099
0.113263
0.085626
0.111095
0.118989
0.092199
0.081901
0.211836
0.212828
0.402945
0.401264
0.239206
0.143602
0.252735
0.344958
0.394504
0.322094
0.177372
0.198355
0.153433
0.141414
0.129961
0.131390
0.060507
0.058785
0.185371
0.284098
0.307659
0.242282
0.304586
0.389549
0.296382
0.071893
0.104869
0.199868
0.299030
0.421052
0.129090
0.297903
0.336845
0.447035
0.185606
0.141283
0.057062
0.369360
0.282109
0.364080
0.335324
0.228814
0.248935
0.377739
0.286738
0.659420
0.517849
0.268787
0.459200
0.352910
0.109202
0.209082
0.272595
0.247389
0.040250
0.156549
0.274493
0.473964
0.585732
0.405394
2.035573
8.098362
25.132845
44.203103
28.423811
9.953867
2.493096
1.148150
0.325985
0.741260
0.338584
0.271965
0.379109
0.780266
0.682578
0.414214
0.667690
0.844842
0.603910
0.696719
0.768377
0.575457
0.544458
0.400166
0.218316
0.168104
0.348649
0.514567
0.753138
0.778715
0.709330
0.446067
0.522521
0.743649
0.663835
0.564428
0.205096
0.078110
0.227713
0.198135
0.106430
0.137227
0.049705
0.250576
0.589011
0.433206
0.237284
0.409074
0.372136
0.194797
0.050711
0.147839
0.265010
0.215455
0.119032
0.215229
0.169148
0.350800
0.366910
0.555096
0.435910
0.188168
0.126873
0.494768
0.475882
0.517832
0.351548
0.240335
0.356753
0.206925
0.182779
0.418445
0.169266
0.063987
0.040473
0.601779
0.699144
0.394493
0.660091
0.861121
0.710091
0.238861
0.168004
0.164663
0.480222
0.512149
0.447979
0.340662
0.904886
1.261428
1.382373
0.683008
0.740153
1.114332
1.814976
1.340025
1.158621
0.858113
0.481874
0.519953
1.140289
1.173109
1.868236
1.656696
1.362830
1.863309
1.840544
0.954043
1.215437
1.680188
1.687674
0.223835
0.994476
1.335474
2.196256
3.046284
2.673276
12.715637
67.881375
405.301652
513.845160
163.717704
25.567176
4.766256
3.216625
3.917557
2.182201
1.546920
0.385516
2.448088
4.062097
2.330516
1.302749
3.414135
3.724160
1.872108
2.412462
2.746855
1.454448
1.557030
0.965453
0.458469
0.727546
1.381909
1.559967
2.948187
2.526220
2.053619
0.927012
2.317302
2.433015
1.356143
0.997543
0.051881
0.182756
0.247917
0.159956
0.107005
0.004567
0.380823
0.673243
1.051548
0.309124
0.449501
0.936956
0.331969
0.064720
0.096012
0.478304
0.483387
0.133315
0.291511
0.268657
0.203319
0.269904
0.233471
0.222982
0.114507
