FREQvHARMONIC	1	3	5	7	9	11	13	15	17	19
20.215734166876715	306.03681254062326	26.087108241982676	0.2435696762278616	0.06593528706599384	0.02791494735424583	0.013707046382446565	0.00793309081869682	0.005200167094285216	0.0035619167910558042	0.0024290092767744733
20.92753445258524	308.9110553106017	13.413472392788863	0.10755759904214049	0.02865005148056096	0.011983214075946711	0.006201459497283045	0.003687208469817928	0.002365607004812853	0.0016270290927361045	0.001175037647814982
21.66439737725371	313.5261605340227	0.7522993941367181	0.018155524872392588	0.004245628570041422	0.0017571604155225875	0.0009205133223620085	0.000588041663561571	0.0003699306823971484	0.0002907590428510924	0.00020270143042557675
22.42720540171314	313.36663354104627	3.695812214797513	0.13522972309798084	0.035875562490008665	0.015193462864312801	0.008060912056304843	0.004791225871128701	0.0029784264166734724	0.001970440732862584	0.0014049364694046444
23.216872058427466	313.2962617029587	6.403259347117559	0.2079176648719456	0.05778240329779944	0.02343979429041579	0.011970025462976727	0.007180711732245498	0.0044973074791094785	0.003010764494750874	0.0021571431911078082
24.034343045532367	313.08395341514967	8.515652665010238	0.29171705509597995	0.07702936951912658	0.032771855066963514	0.0167526687849865	0.00985531661851645	0.006262158712242922	0.004266337125622419	0.0030080001273870565
24.88059735939534	313.0986659807055	9.212269491436995	0.27348225026024525	0.0686240041326563	0.02752006928941224	0.014271093677901605	0.00810180269280786	0.0051926289751941515	0.0035446967076780593	0.002441602529765349
25.75664846705355	312.8983277234148	8.565988187638046	0.30856168385780225	0.0838347384120041	0.03573016509539541	0.01830664210395208	0.010416554455110085	0.0066379972736251075	0.004568585594998799	0.003278084727294656
26.663545519933393	313.3057886137771	6.58874739274434	0.2503799833256299	0.0601295130889749	0.023623009410595763	0.011737532498017305	0.006705348208125376	0.00420492410737135	0.002816410356214648	0.0019747114706328466
27.602374610305382	313.4672638018058	6.361385210668904	0.2656135187686694	0.06909609264931998	0.02855195975187272	0.014747911445376273	0.008737225887102336	0.0056725252093392554	0.0038201153970144576	0.002644870276626866
28.574260071979147	313.4562974743297	5.341915366994878	0.2084678543731084	0.056805218368073396	0.02302215978561037	0.011716293977728385	0.006955747254291433	0.0043904876119765165	0.0029192146989856717	0.0021190349211223686
29.580365826796104	313.4871226402727	3.951893105797517	0.18290661361419097	0.04816794649630064	0.02090556768003367	0.010579714933805353	0.006323137516112349	0.003964142645800053	0.002725969021398264	0.001905733926835434
30.621896778532445	313.5059686797367	2.2491736482715625	0.10711292585429164	0.0303137404903613	0.012429092772140778	0.006449658079890218	0.003863517403858967	0.0024150813230046503	0.001649993455875937	0.001179183279897422
31.700100255881786	313.50119737474506	0.7111592175122464	0.031003694314991143	0.007950616482503848	0.0032561015867399396	0.0016692690923420831	0.0009689770801853467	0.000640248916103133	0.00043776122380071917	0.00033536418147275197
32.816267506245445	313.49397070970167	0.5271493330885584	0.026290412927076044	0.007178584760975242	0.0030157131321087854	0.0015593482792046031	0.0009224533916953099	0.0005964247629333008	0.0003974086964243641	0.0003146366801591201
33.9717352421195	313.48075014172406	1.549985771202061	0.07603101525945674	0.021695328480846376	0.009002965888803395	0.004653165460962032	0.002767464638804134	0.00174672135630764	0.0011810958724757376	0.0008472153338611325
35.167887241930394	313.48759385166335	2.1331619324007547	0.10258688482094407	0.02618539150415549	0.011029041598578513	0.0055911925387710955	0.003290041548021102	0.0020735583727818246	0.0014122700019474968	0.0009926906243152846
36.40615600723632	313.46838177194167	2.374655366149126	0.1313305196083987	0.0373101730643235	0.016089476349367367	0.008214010066065137	0.0047766536093689395	0.003088272889101074	0.0021147260989364458	0.001494681244682417
37.68802447827901	313.4908570454635	2.452801600831162	0.13845354851145955	0.0386322475128598	0.01638183124635915	0.008525147810503798	0.005001359053157468	0.0031967264186146837	0.0021626255432145936	0.0015530982271089652
39.01502780994052	313.495096029618	1.905200875405701	0.06724935394373265	0.013738289673283784	0.004660159689919571	0.0019133063918601886	0.0009551489991596473	0.0005423868191525022	0.00033940172541537526	0.00023162686512041253
40.38875521023173	313.4938318737052	1.3107770412473005	0.057656332372855744	0.013099283699735483	0.005220454931805325	0.0025147709755420156	0.0014487673155507534	0.0008864517805220485	0.0006077231325518053	0.0004292597703340556
41.810851843514484	313.4969701172323	0.6029779928621902	0.025741202168167835	0.0060183834520461145	0.0023307643901392832	0.0011019690929197094	0.0006214099476295749	0.0004179116746363667	0.00030596604153666925	0.0002049239146867644
43.283020800736594	313.50164309116406	0.07468652661660873	0.00318976504397336	0.0009124628550369846	0.00042297829599562283	0.00027234280544048434	0.00019771384466761571	0.00017474913969487568	0.00016523660202405545	0.00016539233901248865
44.8070251390392	313.50557862272166	0.6156270128452178	0.02411666426429162	0.00533560229314266	0.0018601113086646108	0.0008465285083524057	0.000499500669097513	0.00031527902225671103	0.00021493196153230695	0.00016713366782077869
46.38468999317912	313.4959463378028	1.002551739032837	0.059061531555669816	0.01636862559812505	0.006877608833633911	0.003621233129708294	0.002106033367825307	0.0013493989996050668	0.0009208238093219191	0.0006369628719306955
48.017904761294915	313.49971418217564	1.106109274531082	0.057977063511232885	0.01520630835332881	0.0062784998334502636	0.003203040701671398	0.0018697914599372543	0.0011915699910609672	0.0008187738840799336	0.0005829033378844513
49.70862536763414	313.50075991722747	1.0096024861129131	0.05714646777314886	0.016047506156089034	0.006900469588172705	0.0035459757520357087	0.002063136573144134	0.0013199263502566008	0.0009300465651566253	0.0006694205169367564
51.45887660495177	313.50262129800643	0.6321497768635845	0.04030436877911555	0.011207632893155765	0.004821725851453742	0.0025031573851063377	0.0014831395107569281	0.0009644384350893735	0.0006764279458015434	0.000482961836986033
53.270754559384876	313.5004665675377	0.16619989278022865	0.006878327495096967	0.001471287679531193	0.0005190877659783433	0.00031784479385985883	0.00019730504197472661	0.00015916285508513276	0.00014135706576380683	0.00021000485779723902
55.14642912070787	313.5006607504971	0.25931196751310165	0.01471509186267005	0.0041129692064381905	0.0017616564209743345	0.0009205813373699711	0.0005546195116349821	0.0003810939128398023	0.0002817217529568695	0.00024879368138186096
57.08814658097409	313.5024946057919	0.5024233582958038	0.02261540906858119	0.004915484871647382	0.0017749180688253477	0.0008477064189810218	0.0004743738110794291	0.0002890823239791785	0.00024795949461728687	0.00019368213354829095
59.098232324656266	313.50022747356945	0.669436424513627	0.04156506062912886	0.011706424060216995	0.0049785140127831685	0.002600753924044684	0.001524877764547476	0.0009776267860547637	0.0006746256341535623	0.0004920350985517446
61.17909361350739	313.5014018154961	0.5104375526742831	0.03153825056391294	0.00898684520997474	0.0037696457087510096	0.0019962023879045187	0.001177648958243073	0.0007383831928583159	0.0005214651805943083	0.0004078724613712327
63.33322246947715	313.500508616697	0.20030306998128522	0.008302601185437172	0.0016438353185029093	0.0005291529278408006	0.00024316052588029677	0.00015761026804500354	0.00015401218736421326	0.00014133693479626808	0.00012691114685705143
65.56319865913636	313.5012145327007	0.10229627332344773	0.005515644073344304	0.0014738502434842714	0.0006316848819422907	0.0003323218642989258	0.00025285377286226674	0.00021050050879948618	0.00019529897400134938	0.00022477690672618168
67.8716927831837	313.5016535520209	0.311326210240936	0.015361963113292259	0.0036175228457775177	0.0013966312500224333	0.0007006263535672906	0.0004217644235007818	0.00029941751980525327	0.00020681424371451904	0.0002669164316689819
70.26146947473462	313.50099271263554	0.4058564801430933	0.023085294376551737	0.006224612426996027	0.0025958055334195733	0.0013435218986649579	0.0008019669594751899	0.0005263399811205579	0.00035951510920080316	0.0003075616792643713
72.73539071022259	313.5007819196933	0.24830239425811643	0.01145343262791604	0.002373330836973564	0.0008435861395759603	0.00040539463349604626	0.00023058935363010226	0.00016069358100421726	0.00026832138334141327	0.00020960355393910484
75.29641923687821	313.5011496390364	0.03517335185828743	0.0015002174897985852	0.000374845370820142	0.0001996297323136323	0.00019741574692815368	0.00015141779207960106	0.00018519451313128065	0.00016611346120258718	0.00013573364427849825
77.94762212088999	313.5014710324727	0.16969366519373377	0.00801888796288413	0.001731383946708029	0.0006608085932558148	0.0003380073207395034	0.0002044870247870397	0.00021140692257133145	0.00020146069131719865	0.0001415570442666564
80.6921744204972	313.5010262926874	0.2820896421123745	0.0172417835192403	0.004786756354843273	0.0020191759198354576	0.0010723812692066746	0.0006377963920973249	0.00043421789671299594	0.0003234820380007941	0.0002634119515547824
83.53336298841282	313.50105145383463	0.178208097563619	0.009742651954799616	0.0024154853199620232	0.0009867005270367307	0.0005360466814388915	0.00035287432029827964	0.0002590398024089088	0.00023756058355376447	0.00016800105898994672
86.47459040813075	313.5011842366821	0.00690305453415228	0.00021415687213115916	0.00019686713397352881	0.00016457459342743825	0.000165091390325334	0.00018377674117109338	0.0001573006634525626	0.0001859718811781511	0.0002746490694141232
89.5193790688309	313.5012457953393	0.15182569382728903	0.008822830199576283	0.0023460319504130032	0.000983944485765285	0.0005219886143973222	0.00033309715951263875	0.00027466037739364653	0.0002496445017703611	0.00025332502365504786
92.67137538376306	313.5011968011123	0.17370521885400064	0.007781635072835716	0.0016636506568395812	0.0006183361615315781	0.0003010520522754944	0.00021274091669494345	0.00025739525043402085	0.00025734110666704284	0.00023265641263266675
95.9343541571605	313.5010277815904	0.06383614216556432	0.002785604721893919	0.0005944681476390223	0.00024356693137867445	0.00025403337524909907	0.00029227588028401673	0.00017431535753916706	0.00017757166189877536	0.00022568408333753634
99.31222310491387	313.50120964072875	0.08056673123449778	0.004597162378202818	0.0012036068261470575	0.0005233812470101274	0.00035431999990762623	0.00027913435287084745	0.00019031734308874986	0.0002588355123421336	0.00022130736267803521
102.80902753441863	313.50120256421513	0.1471337012105999	0.009157910947477272	0.002552590340396988	0.001080286236513412	0.0005922153526331336	0.00038701733828204807	0.0002796544304793938	0.00021890182881951215	0.00019861419288657467
106.42895518920145	313.50123263033004	0.06628391079383082	0.004565646213547431	0.0013417768821955079	0.0006055846070790516	0.00035969732109506836	0.0002778989122362615	0.00025287101095687446	0.00020440649107217107	0.00022366564752553778
110.17634126412617	313.50122726188727	0.06273663949448877	0.003839660019636374	0.0010535672459029803	0.00046449252733954074	0.00026540454888338656	0.00021315296844526735	0.00024413597759923126	0.0002835499217358177	0.0001765308189957425
114.05567359718685	313.5011761975016	0.10588851538639285	0.005840374838386657	0.0015149566137416775	0.0006416742913039319	0.0004116733297992783	0.0002732194174207504	0.0002481119559219126	0.00019111280083059908	0.0002471066843166148
118.07159804410486	313.5011843651231	0.02767928682221557	0.0015029287643674898	0.0004353724350579546	0.0002811718921778559	0.00024743113682183755	0.00023253777152988246	0.0002548467297016187	0.00017887251800507875	0.0002483896488319457
122.22892404216631	313.5012087091076	0.0740164809690673	0.005175517069620592	0.001517073874820664	0.000673191675421293	0.0004210676850344661	0.00031042416435566185	0.00034242511852846123	0.000239853840818394	0.0002222584644675002
126.53263036996381	313.5012615892752	0.06957997719206266	0.0047726714797829885	0.0013504706711731616	0.0006172107504343034	0.00038469521662942827	0.00030290060479952474	0.0002349052139864656	0.0002399458217606452	0.00024848799080003
130.98787110993973	313.5012486764554	0.021931540437913153	0.0011913116362535184	0.0003611591175469619	0.00024731921759077664	0.0002919713706867144	0.0002498548102286629	0.00020936304378556982	0.00022597315544014952	0.00021446107605737166
135.59998182087168	313.50115943407246	0.07014096849194847	0.004457762518053236	0.0012810949637142221	0.000567402829725838	0.0003748162612943618	0.0002996134551501216	0.0002879137962156508	0.00024315355543558313	0.0002329147924379529
140.37448592769334	313.501236316665	0.0072714149302371455	0.0004254055465387165	0.00024824192916110993	0.000265436136262349	0.0002542852865565339	0.0002876351106112168	0.0002807613252306688	0.000197853557598802	0.0002670225975340899
145.31710133630094	313.501191010767	0.058591483750765706	0.0038797955667304648	0.0011134174450483612	0.0005374454685194698	0.00034646884192115145	0.0002986772074560431	0.0002402211739532664	0.00025892723032557355	0.00017040756148483413
150.43374728126946	313.50120369853573	0.01900185463312957	0.0012713571841343643	0.00041616893198422766	0.00032157775165677185	0.0002436656658551165	0.0003192187435146119	0.0002798346629755502	0.00023042022614190396	0.00018876263146380532
155.73055141467853	313.5012116767604	0.042729538451907446	0.002060039940411007	0.0005152573446620137	0.00032875604358349975	0.00026434382278691407	0.00021928835466101835	0.0002873099993632756	0.0001797956958204779	0.00019182285142277513
161.21385714453623	313.50123408668395	0.015641213951311912	0.0007832200343837418	0.0003013745770050957	0.00024209017429868715	0.00031382937032095164	0.00020670561170170763	0.0002697140446007991	0.00023455918500043307	0.00015935765820540668
166.89023123159137	313.5012314124602	0.037156235430211404	0.0017834144506451357	0.0005029298891538376	0.00024566616739889977	0.000276660280247962	0.00027338136452010524	0.0002534443128494631	0.0002180005855972634	0.0001581896828019523
172.76647165363102	313.50119724834417	0.006932502884518319	0.0005619735544469549	0.00037378308628527085	0.00025207857142736477	0.00027706873344682253	0.00024019980565019353	0.0002341862451404256	0.00023743911507137996	0.00017913955978004324
178.84961574668108	313.50118802448907	0.03265395924985449	0.0017786284855697534	0.0005171766532425249	0.0003145613224674283	0.00026705052100920866	0.0002654168517824585	0.0002393815595626927	0.00022941033715590605	0.00013021226978116574
185.1469486328612	313.5012090049996	0.007651672841660373	0.0005203386678794855	0.0003487423209065545	0.000249521024684754	0.00031913922711095447	0.00029428174773169305	0.00028011110864083964	0.0001905367347851771	0.0001617144825438981
191.66601194498494	313.50120234958604	0.022130866003094874	0.0010934726037684294	0.0003125597324746844	0.0003981724427037763	0.0002763583398531289	0.0002608545500767589	0.0002370797246967994	0.00018637291232289496	0.00011873599421421708
198.41461285835607	313.5012341209657	0.02020267594847062	0.0011052695040200246	0.0004237221433564452	0.000382929802099973	0.00026820159455663713	0.0002878716086425883	0.00022930412682342361	0.00015412286060181746	0.0001273433303769192
205.40083344057618	313.5011663321014	0.003909070517736572	0.00036054531458774164	0.0003421850874225011	0.00028859267454307326	0.0002807783268724602	0.00024033890694428184	0.00024271863628952292	0.0001285245077399506	9.677625251980316e-05
212.6330403305602	313.50114992180386	0.020759887761846063	0.0014590274328902114	0.000497036334198818	0.00036613868356076524	0.0002694141416758099	0.00023489465992524548	0.00020170625658321112	0.00013320845771335588	8.529196371184991e-05
220.11989475835315	313.50117555637905	0.016394288744408025	0.0011173288626977686	0.0004442781344426163	0.0003583104666281496	0.00036555527417257315	0.00024374009183775986	0.00020996772642103205	0.00010468367893947006	0.00012306169985903335
227.87036291774587	313.5011240098651	0.0009592510810247677	0.00027475443632031494	0.0002614555089462363	0.00033319397906692017	0.00031009423013431413	0.00023899129150244792	0.0002080843268479155	9.130671514960538e-05	0.00012215718967979785
235.8937267041136	313.5011885065091	0.011833508319025764	0.0007924026781497007	0.0004381027244805929	0.00031455412488653155	0.0003381495794693818	0.0002780785363252864	0.00014602561493806096	7.395229304287949e-05	0.00020181755074709522
244.1995948303355	313.50124788955134	0.015617061310010272	0.001141321017955078	0.00043907886996675464	0.0003448086786459798	0.00027739107372572625	0.000254988393207159	0.0001374764648475678	0.00010150257640401239	0.0002679946670931856
252.79791433410807	313.5011469518945	0.01207463741158159	0.0009374520217889432	0.0004025008728707378	0.00036818514109537804	0.00025352833729503445	0.00019968819323398768	0.00013370160701497215	0.00015596361358924014	0.000291993245188264
261.69898249043405	313.50121072555396	0.004529713224115977	0.00044542994396907175	0.00034458425255474545	0.0002707041970764469	0.0002710671055453397	0.00020443365019046295	0.00011665025450431837	0.00016317465256590532	0.00042182878120104966
270.91345914355185	313.50118150968444	0.0011835252775417434	0.00039022050569624534	0.0003402053318567075	0.00032703796805236436	0.0002650014564105934	0.00015640694141286627	0.00012386537812368576	0.0002543370542455083	0.00047616977794319963
280.45237947307527	313.50120884215744	0.004764539666021861	0.00040249124030315394	0.0003720699581914632	0.0003022927481478962	0.0002596993442609313	0.00014741263267163552	0.0001585169217018792	0.00033100641415723526	0.0006695160420080795
290.3271672096323	313.5011493443073	0.006586861508929257	0.0004630057428739889	0.0003741747770897004	0.000317980963693413	0.0002701507635067396	0.00015869117094859667	0.00019387482631772336	0.000333545754590032	0.0006696397054170524
300.5496483158276	313.5011287548401	0.007572735883443373	0.0005839006919770802	0.00046618548391443406	0.00035247082352132743	0.0002265259123767176	0.00010497574682200745	0.00021007448428381648	0.0005186773358789256	0.0008109319529061223
311.1320651489163	313.50122435438664	0.007547447093863645	0.0006836246426347539	0.0003933589573812578	0.00032390947691891646	0.00021890479812294335	0.00012147835320201614	0.00032093175654310935	0.0007456595882083276	0.0008741236371964476
322.0870911221481	313.50117660326356	0.006772944771237441	0.0006017853861971976	0.00043351738181807934	0.0003105189260830584	0.00016878393570566772	0.00013164971876933231	0.00038722575280905527	0.0005968592661030431	0.0009531049576835826
333.4278458823394	313.5012376915865	0.005149473142873488	0.0004611363792017067	0.00037457435580301983	0.0003103068662062534	0.00018122249404105937	0.00016420573173231103	0.0004186533102862867	0.0007166149250497138	0.0012665712152863681
345.16791102185323	313.5010878176689	0.003937619342739266	0.00044066543581440716	0.000293292052307533	0.0002334347140835241	0.00014815427609383665	0.00024385079803130788	0.0005479538098251894	0.0008942010737768998	0.0015446216000826918
357.32134634379804	313.5012447793282	0.0016430070374863724	0.0003762269143305356	0.00043334922253551484	0.00027184232971721295	0.00012251737576318358	0.0002748810661417486	0.0005848496611679266	0.0010446781581132712	0.0015275308392823455
369.90270669993123	313.5011946841873	0.0010301298469238963	0.0004048798804137986	0.0003732746246345977	0.0002317603475510769	0.00012860550648615971	0.0003982442487775956	0.0009152649883290935	0.0013033439748515688	0.0015721781643106077
382.92705942142567	313.50121814662134	0.003453999252170209	0.0004311630364605967	0.0003749141853219923	0.00022575225464185975	0.00014015115252011119	0.0004395276062841511	0.0010466423982747755	0.0014829396895958474	0.001695266362720843
396.4100023633791	313.5011761202827	0.004680632167258578	0.0005632621744792698	0.00038096902329190133	0.0002240499555064179	0.00023450149605879156	0.0005784794806600117	0.0007935284169112288	0.0015637717357830398	0.0020765149935528275
410.36768258467396	313.50119878646655	0.002698983489424265	0.0005080820880757134	0.00034210413342843825	0.00020401929420742936	0.00028286908682821144	0.0007524470755999175	0.00111197110029283	0.0015758808657645245	0.0023586452247827067
424.8168156855593	313.50128281121897	0.0012209939625349917	0.0004431780336275328	0.00035664505469015366	0.00016738037253974996	0.0003816578853090447	0.0009062974255920637	0.001249679597025925	0.0019285625832313363	0.0022594244204718486
439.77470582611215	313.5013038639012	0.0035982773271967775	0.00043263631775202393	0.00031337485902141373	0.00014861876277076958	0.0004267119253883253	0.0008744821999432026	0.0016101157663090929	0.0022408092289445784	0.002314420740032807
455.25926644955507	313.5011923547841	0.0011735673881914633	0.0005210128379415405	0.00028067527551899865	0.00019309134827484275	0.0005615683423542753	0.0010521223183469414	0.001854539302207866	0.001992677360213495	0.0025405388360163635
471.28904173524336	313.5012013735479	0.002599251317153879	0.0004246091375613304	0.0003251698972903792	0.0002537923827182254	0.0007005085008772964	0.0012482128570037562	0.0019833641689027902	0.0023384724418656893	0.002631188799725091
487.8832288070192	313.5012123953502	0.0010008172176762936	0.0004495214182224363	0.0002503094088769986	0.0003075234732972332	0.0008453412035641619	0.0015428089856827686	0.0020226634336591087	0.002755087884580195	0.0027762295637883848
505.0617007235247	313.501172790221	0.002494484797124628	0.0004695908830354442	0.0002598126094149527	0.00036184033062216354	0.0009605917353521558	0.001557988550938686	0.0024045452903193746	0.002990487954161536	0.002836750426579244
522.84503027801	313.50119771736047	0.0007582131454762996	0.0004039557851233733	0.00023683023248728788	0.00042647050388511183	0.0011627539779020624	0.0017279603476704584	0.0027658790809001817	0.003216891658047498	0.003189225760785647
541.254514636137	313.50122726394096	0.0014478765529256157	0.0004511984197331331	0.00021168833592142934	0.000531735254043501	0.0012339114587139042	0.0023708387500785684	0.002714312539993936	0.002801257827778637	0.0026556447212081986
560.3122008412854	313.50124691078065	0.0018086305931726476	0.000457739825164729	0.00023041577122776195	0.0006010585889647684	0.0014557475467186667	0.0023990302790098455	0.0031395366363536847	0.0034115639515840393	0.002762443123420409
580.040912217906	313.5011544587557	0.0014671739333026563	0.0003903023277091906	0.00019567335174285646	0.0007326755015068689	0.0015160729643532032	0.0024689306410272858	0.003130139173110407	0.00312292418230861	0.0026084669269456195
600.4642757045424	313.50118621751676	0.0010964184517782962	0.000404651806727254	0.00026047827543916846	0.0009436080129375988	0.0015971999250145284	0.00296512212271274	0.0032128444410972966	0.0032346108632920457	0.001979159659810215
621.6067501492528	313.50124164080495	0.0008432996972550157	0.0003746270331705942	0.00031411844426155176	0.0011872176224070905	0.002147289657192122	0.0030023951879750935	0.003439500122606087	0.0027922142906056753	0.0018832816364222904
643.4936556013212	313.5012351546507	0.0007726535475330406	0.0003865042334446875	0.00041422784673712673	0.0011766181984894629	0.0023455404461272607	0.003149704384826038	0.0036632803775242945	0.002665972878065348	0.0017756030736012177
666.1512036343347	313.50116900610396	0.0009346915900400767	0.0003178162030886846	0.0005183165444928559	0.001448897576872358	0.0024044292254003295	0.003037337003712702	0.0034730670571243827	0.0025066515800343794	0.001780803172021226
689.606528736943	313.50120089770667	0.001141283543654773	0.0003085398825492878	0.0005804877953930894	0.0015306393331075388	0.0025997254057821364	0.0034794355388959894	0.0032797949446015575	0.0018100491190389874	0.0026348850627229917
713.8877208088932	313.5011826143171	0.0011230891312564184	0.0002917198483586088	0.0006545957828619393	0.0018474760150616074	0.003106666249214289	0.003307324620115004	0.003284691714122806	0.002006064590107628	0.003979486716254002
739.0238588012583	313.5011964826639	0.0006401746930639825	0.0002804167519307288	0.0008557581539865413	0.0020417642350162896	0.003257256417147934	0.003669359508853339	0.0031033231140569118	0.0020052934623882063	0.006026699013020641
765.0450455411418	313.50127850625313	0.0008760709320758017	0.00030935768802311115	0.0010807796566800524	0.0022599394284471904	0.0033595345529414664	0.0037924751105190917	0.0023079013492930713	0.002591487857318438	0.007644266318895618
791.9824437825736	313.5011920948919	0.0008211725943111574	0.0003305053461693074	0.001209647999677223	0.002642701263846968	0.0037683592398422986	0.0036022572666348806	0.0018279065254364958	0.003718779075091439	0.009497968502181268
819.8683135267577	313.5012477101025	0.0007822055843095314	0.0003441050118132593	0.0013388239723220409	0.0027620822722837757	0.0035403604701553966	0.0032864529053043883	0.0019096427946486381	0.0059169888067303915	0.012251142346286275
848.7360506563795	313.5012077240222	0.0005421260382686546	0.0004266719570682031	0.0017247357613113365	0.0031721315270043537	0.003693385962280751	0.0027267571533585153	0.0025028109472947386	0.008852477218798263	0.01551452373441024
878.6202269302345	313.50115812164586	0.0007341255183460106	0.00047369414196162977	0.0017728228392860051	0.003193561524467957	0.004007763226891323	0.0026701592794049307	0.0032375989168693677	0.009708861680272308	0.01799650044325921
909.556631386073	313.5012915066989	0.0007445615850894967	0.0005210562841239359	0.0019931442250026164	0.0034072134920270585	0.003918226261348589	0.002439254850060468	0.004992788995647948	0.011867913117059974	0.021307083762942103
941.5823132012548	313.5011763100542	0.0007210405500611677	0.0006227544102321974	0.002429296784684813	0.0038894147897509087	0.0036502690272561295	0.0021476430017665664	0.006784392235606059	0.015367032434552317	0.022927107916509697
974.7356260625256	313.5011646540711	0.0006962250874267372	0.0008758142655809135	0.002716299073230977	0.0041860321935860215	0.0035866622671363157	0.0025419667506322878	0.009014072839365223	0.018306217033159464	0.03091982985334154
1009.0562740980739	313.50113466818516	0.0005991826236263347	0.00097948084248094	0.0033916027100257223	0.004427669885829814	0.0032635461168530363	0.0033809694178714156	0.012426563585669865	0.023425094382182068	0.034463275666928736
1044.5853594268585	313.5011702847424	0.000537285371872964	0.0012458376453125205	0.0031002700693749372	0.004311417361847778	0.002670589495322489	0.005248331028657824	0.01444149352823012	0.026322106833809644	0.032474271839930596
1081.36543138216	313.5011826875934	0.0005701933567394808	0.0014196011913594406	0.0037388890288221665	0.004004980300403158	0.002488977150372369	0.007427903237507608	0.01737837672173651	0.030997302231725327	0.03689053725784863
1119.4405374683056	313.50122881283056	0.0005382967606143567	0.0014927029944621778	0.0036249651835298735	0.00442860643690405	0.0026634990050664253	0.009868079464303015	0.021513550331156327	0.03627578717313055	0.032991856532574824
1158.8562761115859	313.5011831083858	0.0005297540300983177	0.0018419475957607986	0.004365477970548292	0.003790041558793506	0.003168807383702128	0.011420763304714164	0.024879964253755518	0.0369522725724734	0.026492946534851087
1199.6598512685491	313.50119657013033	0.00042664526095517204	0.0020598956633754795	0.004051009803487059	0.0037102991138125113	0.004856724235074748	0.01674036002383267	0.028170054235039738	0.03588935238024547	0.022838277512116718
1241.9001289570606	313.5011189030006	0.0005149651863244612	0.002244396623251421	0.004401442836668512	0.003263758349967476	0.007352323083664103	0.020299381646961403	0.03361792729129835	0.03616605147703252	0
1285.6276957778332	313.50113046468	0.000532788626037598	0.002721858718689343	0.004375791249248869	0.0034504971644879635	0.009659365810724642	0.023001640153179462	0.03583002366666855	0.03482663137228103	0
1330.8949194965176	313.5012479483298	0.000537242476297807	0.0030506751572988732	0.00496327500431646	0.0027893269223410425	0.010571166011375577	0.02669830463530392	0.03989939995926884	0.026386365999810674	0
1377.7560117588919	313.50127067445527	0.0006539667339722067	0.0030289972499149666	0.005098713000123578	0.0031943459576118907	0.013419416215301102	0.02937679089103938	0.0406945693589364	0.0013571339370635736	0
1426.267093014277	313.5011459657236	0.0008705935248828438	0.0036259881266292944	0.004728951793859894	0.004177047620035703	0.019479912309303488	0.034861866016132316	0.038358100549983676	0	0
1476.4862597249103	313.50120975149315	0.0008248186011309146	0.003772350996569879	0.004311436775499714	0.00611117595086349	0.021111780384520502	0.039256387196039806	0.0280702828391028	0	0
1528.4736539417822	313.5012752902812	0.0010425560502478795	0.004252988289645883	0.003971233597584786	0.007797187979415877	0.025189905842685177	0.03978702489369008	0.019687345545617123	0	0
1582.291535330246	313.50114782203843	0.0011903533947119575	0.004521584189950628	0.004021246661669052	0.010241031137475725	0.03011378747218705	0.043428524049744274	0	0	0
1638.0043557316756	313.50125710036036	0.001417874500563269	0.004573611866011795	0.0037707665789822957	0.013339511102375455	0.0340888693593885	0.038000770830033274	0	0	0
1695.6788363504397	313.50117454326323	0.0014891409812410382	0.0050877360466792965	0.003938729094730585	0.016434639277803788	0.03741353623378881	0.03403240070836101	0	0	0
1755.3840476586581	313.5012083718593	0.001806584662297611	0.005428158073871581	0.0043055884982038314	0.019946536859573396	0.04436178512068874	0.029574468640675276	0	0	0
1817.1914921144173	313.50124615670256	0.0022523433312975102	0.005257346193893552	0.005607232457690511	0.02459193216169885	0.048223343090312606	0.014970150312588784	0	0	0
1881.1751897925096	313.50117988144115	0.0022116731223604017	0.005278626404395086	0.007484068546372519	0.030801318172267424	0.04795234687256469	0	0	0	0
1947.4117670302574	313.5011682331064	0.002599943080659745	0.005505876423311259	0.010528265391250131	0.03529903384467238	0.039392407971918	0	0	0	0
2015.98054819456	313.5010873907551	0.002909241302774673	0.005503847541966605	0.011866013194839568	0.040530306818119866	0.03737646960089162	0	0	0	0
2086.9636506800916	313.50125035643316	0.003256973609350198	0.005258381305327972	0.016603091597628357	0.042707084742918844	0.0319690680178301	0	0	0	0
2160.4460832524082	313.50129930036985	0.003813561940949428	0.004920230869805783	0.0189167989925812	0.04674795496904835	0.016096395036366586	0	0	0	0
2236.5158478537164	313.5011078834035	0.0041963624903372234	0.0048189458042823445	0.024032126131574558	0.049295089884794294	0	0	0	0	0
2315.264044993265	313.5011489352228	0.0041212544457466796	0.005558064256103379	0.02934932755182431	0.046428558910816396	0	0	0	0	0
2396.7849828485487	313.50118790255374	0.004580885132108626	0.006183075916386482	0.0324100583763013	0.042167931600653526	0	0	0	0	0
2481.176290207982	313.5012230745946	0.005057914667007345	0.007104584457059326	0.03727257542789039	0.04330668668458253	0	0	0	0	0
2568.53903339032	313.50121115628053	0.0052850263192132435	0.007919991109656726	0.04406554377685025	0.03247132696208023	0	0	0	0	0
2658.977837280822	313.50124090713155	0.005551689954038134	0.012034852830656353	0.04742492921567592	0.0256918215266175	0	0	0	0	0
2752.6010106291455	313.5011237485087	0.005935280916312619	0.015221641033720474	0.05500116069506348	0.004685551220649877	0	0	0	0	0
2849.5206757589776	313.50117868920836	0.006009879329531064	0.017084101242178844	0.05379356955207596	0	0	0	0	0	0
2949.852902844795	313.50119085029985	0.005929418420340431	0.02287933628658195	0.04898477009822181	0	0	0	0	0	0
3053.717848916524	313.50124817734263	0.0058679814867888475	0.026552940795303223	0.046140481964147634	0	0	0	0	0	0
3161.2399017585835	313.5011913652684	0.006151708912130785	0.032288902860287634	0.04011820532459113	0	0	0	0	0	0
3272.547828875662	313.50120661700447	0.005696638962227905	0.0370703576891727	0.04234819372205624	0	0	0	0	0	0
3387.7749317035777	313.5012185500745	0.006168380991098912	0.04110383119753049	0.03305446848133239	0	0	0	0	0	0
3507.059205249966	313.501238170114	0.007092902212510364	0.04889572977081362	0.029679361003171013	0	0	0	0	0	0
3630.543503355936	313.50121787794683	0.007642580717718917	0.05039098407356079	0.012263234240387921	0	0	0	0	0	0
3758.375709776623	313.5011957615433	0.009214192668968177	0.054894604974456314	0	0	0	0	0	0	0
3890.7089152855424	313.5011926162773	0.011465160988344734	0.05232716047154983	0	0	0	0	0	0	0
4027.7016010147895	313.5012008850126	0.012502661000027773	0.05176034843005721	0	0	0	0	0	0	0
4169.517828250724	313.50119867300174	0.01691199202436449	0.051830492011412974	0	0	0	0	0	0	0
4316.327434912374	313.5011948024819	0.02094228403341015	0.04718598847643949	0	0	0	0	0	0	0
4468.306238947906	313.5011852563431	0.023863042311753343	0.049466225768344946	0	0	0	0	0	0	0
4625.636248892714	313.5012156060614	0.028187988189850133	0.04534737921328868	0	0	0	0	0	0	0
4788.505881841308	313.5011653847376	0.03374029697565394	0.04358913636447355	0	0	0	0	0	0	0
4957.110189094038	313.50111791832535	0.03871053507908131	0.039000240863048194	0	0	0	0	0	0	0
5131.651089748893	313.5013700845314	0.04238409875583091	0.032140035472307975	0	0	0	0	0	0	0
5312.337612518102	313.5011061016134	0.047646730173706756	0.024426065188949176	0	0	0	0	0	0	0
5499.386146059178	313.5012651826913	0.054853554559875534	0.004023576598313428	0	0	0	0	0	0	0
5693.020698120128	313.50120476408784	0.05516633694430263	0	0	0	0	0	0	0	0
5893.473163809262	313.5012870045785	0.058559671956310774	0	0	0	0	0	0	0	0
6100.983603310805	313.5011969467252	0.054780165583633286	0	0	0	0	0	0	0	0
6315.800529378965	313.50112218164054	0.05645222327117842	0	0	0	0	0	0	0	0
6538.1812049547225	313.50136984647344	0.05417065298751283	0	0	0	0	0	0	0	0
6768.391951261737	313.50150453971844	0.05547633844697455	0	0	0	0	0	0	0	0
7006.7084667504105	313.5009711498439	0.05295858840628689	0	0	0	0	0	0	0	0
7253.416157272037	313.5010256076135	0.0544773649977039	0	0	0	0	0	0	0	0
7508.810477878437	313.50122473290634	0.05408330896366009	0	0	0	0	0	0	0	0
7773.197286656445	313.50115344857164	0.05109214478069004	0	0	0	0	0	0	0	0
8046.893211020969	313.50104488927275	0.05273039877935958	0	0	0	0	0	0	0	0
8330.226026905322	313.50123537792723	0.053479354622594184	0	0	0	0	0	0	0	0
8623.535051302919	313.5014743191419	0.050291777590331634	0	0	0	0	0	0	0	0
8927.171548630451	313.50112727199325	0.047957239502868156	0	0	0	0	0	0	0	0
9241.499151399166	313.5010668550263	0.04225714921951132	0	0	0	0	0	0	0	0
9566.894295698163	313.50172971999274	0.04498586073802528	0	0	0	0	0	0	0	0
9903.74667201101	313.5012083594422	0.039278146931091676	0	0	0	0	0	0	0	0
10252.459691905822	313.50088474681775	0.03381362870490914	0	0	0	0	0	0	0	0
10613.450971157548	313.5014514724915	0.02505175079498976	0	0	0	0	0	0	0	0
10987.152829881108	313.5016026704588	0.008841225567896488	0	0	0	0	0	0	0	0
11374.012810274333	313.50111517778663	0	0	0	0	0	0	0	0	0
11774.494212590704	313.50142411220537	0	0	0	0	0	0	0	0	0
12189.07664998384	313.5011319097415	0	0	0	0	0	0	0	0	0
12618.256622888186	313.5010853541966	0	0	0	0	0	0	0	0	0
13062.548113623727	313.50134330933696	0	0	0	0	0	0	0	0	0
13522.483201936931	313.5006873246538	0	0	0	0	0	0	0	0	0
13998.612702214908	313.50107675344395	0	0	0	0	0	0	0	0	0
14491.506823136122	313.5012000310036	0	0	0	0	0	0	0	0	0
15001.755850547474	313.50137348660036	0	0	0	0	0	0	0	0	0
15529.970854385698	313.50210604396466	0	0	0	0	0	0	0	0	0
16076.784420489523	313.5026820263144	0	0	0	0	0	0	0	0	0
16642.851408179184	313.5015320576337	0	0	0	0	0	0	0	0	0
17228.849734510397	313.4989552771323	0	0	0	0	0	0	0	0	0
17835.481186142137	313.4996708263926	0	0	0	0	0	0	0	0	0
18463.472259790393	313.49871856194005	0	0	0	0	0	0	0	0	0
19113.5750322746	313.5025467082663	0	0	0	0	0	0	0	0	0
19786.568061198384	313.4983075423782	0	0	0	0	0	0	0	0	0
